 180 179 181 186 189 185 184 186 181 189 190 186 187 191 190 185
 194 200 201 203 202 204 203 204 204 205 207 208 207 208 208 200
 197 201 202 204 202 203 205 205 206 206 206 206 207 207 208 202
 197 200 202 203 202 204 204 206 207 207 207 208 209 208 210 202
 195 201 202 202 203 203 204 205 205 205 207 208 208 208 209 205
 195 200 202 203 202 134  97  96 101 102 132 209 210 210 209 205
 197 203 202 203 202  93  41  42  42  42 101 209 209 209 211 205
 196 203 204 203 203  92  40  41  41  39 105 210 210 209 211 206
 198 202 201 203 202  86  42  40  42  44 109 210 210 209 210 204
 198 202 202 203 202  89  41  40  42  41 112 210 210 211 211 203
 159 154 161 162 160  79  40  41  38  41  91 161 166 170 166 159
  41  40  41  41  40  39  39  39  42  43  49  48  48  52  55  54
  36  39  38  39  37  40  41  42  42  46  45  47  48  52  54  56
  39  41  36  38  38  37  37  43  42  46  47  48  48  50  53  54
  39  38  37  38  40  38  40  39  42  47  48  50  49  52  53  55
  38  36  36  36  38  38  39  43  44  45  45  47  51  53  54  56
 184 183 184 188 187 189 187 188 187 189 190 189 189 192 193 187
 194 199 199 200 200 201 201 201 202 203 203 204 205 205 205 199
 195 198 199 200 201 201 201 202 204 204 204 204 205 205 206 200
 196 199 200 201 201 201 202 203 204 204 205 205 206 206 206 201
 196 199 200 200 201 202 201 201 202 204 205 205 206 207 207 204
 195 199 200 200 200 124  86  86  90  92 127 205 206 207 207 202
 196 199 200 201 201  85  29  31  30  32  97 205 207 207 208 203
 195 200 200 201 200  82  31  29  28  32 101 205 207 208 208 203
 197 200 201 201 201  77  28  28  27  31 102 206 208 208 209 202
 197 200 200 201 201  81  27  28  30  33 103 207 207 207 209 202
 153 150 156 156 156  68  28  28  30  33  81 161 164 166 162 156
  27  28  28  27  28  27  26  28  30  32  34  37  38  41  42  43
  26  26  26  25  27  26  25  28  29  33  34  35  37  39  40  40
  25  25  24  24  25  27  26  29  32  32  33  34  38  40  41  41
  26  25  25  25  26  26  26  29  32  32  33  35  36  38  40  41
  25  24  24  24  25  26  28  28  31  31  34  33  36  38  40  43
 183 181 185 186 186 188 186 185 185 187 188 188 185 190 191 185
 190 196 195 196 197 197 197 198 197 199 200 200 201 200 202 194
 193 196 197 197 197 198 198 199 199 199 199 201 202 201 201 197
 192 195 196 197 198 198 199 200 200 201 201 200 201 202 202 198
 192 195 196 197 197 196 197 195 196 197 200 201 201 201 202 197
 192 196 196 197 195 121  83  84  88  90 126 200 202 202 202 199
 191 196 196 198 195  86  30  31  30  31  98 201 202 203 203 198
 191 196 197 197 196  78  34  27  30  30 101 200 202 202 204 199
 193 197 197 198 196  77  29  28  30  30 102 199 202 202 203 197
 192 196 197 198 196  83  28  26  28  32 104 200 202 202 204 196
 149 147 153 154 152  71  28  27  30  32  79 154 160 162 156 151
  30  32  31  31  31  28  29  30  32  31  33  35  37  38  39  39
  25  25  28  27  28  27  29  30  30  31  33  33  34  36  34  36
  25  25  24  28  25  29  31  28  30  30  33  32  33  36  33  35
  27  27  28  26  26  28  27  29  31  33  32  30  33  35  36  36
  27  26  24  26  27  29  28  29  31  32  35  35  33  35  34  36

 185 200 202 202 205 205 205 206 204 203 159  54  56  54  55  56
 190 208 208 210 209 209 211 211 210 211 166  55  54  53  53  54
 191 208 207 208 208 210 209 209 209 211 170  52  52  50  52  53
 187 207 207 209 208 210 209 210 210 210 166  48  48  48  49  51
 186 208 206 208 208 209 209 210 210 210 161  48  47  48  50  48
 190 207 206 207 207 132 101 105 109 112  91  49  45  47  48  45
 189 205 206 207 205 102  42  39  44  41  41  43  46  46  47  45
 188 204 206 207 205 101  42  41  42  42  38  42  42  42  42  44
 186 204 205 206 205  96  42  41  40  40  41  39  42  43  39  43
 184 203 205 204 204  97  41  40  42  41  40  39  41  37  40  39
 185 204 203 204 203 134  93  92  86  89  79  39  40  37  38  38
 189 202 202 202 203 202 202 203 202 202 160  40  37  38  40  38
 186 203 204 203 202 203 203 203 203 203 162  41  39  38  38  36
 181 201 202 202 202 202 202 204 201 202 161  41  38  36  37  36
 179 200 201 200 201 200 203 203 202 202 154  40  39  41  38  36
 180 194 197 197 195 195 197 196 198 198 155  41  36  39  39  38
 187 199 200 201 204 202 203 203 202 202 156  43  40  41  41  43
 193 205 206 206 207 207 208 208 209 209 162  42  40  41  40  40
 192 205 205 206 207 207 207 208 208 207 166  41  39  40  38  38
 189 205 205 206 206 206 207 207 208 207 164  38  37  38  36  36
 189 204 204 205 205 205 205 205 206 207 161  37  35  34  35  34
 190 203 204 205 205 127  97 101 102 103  81  34  34  33  33  34
 189 203 204 204 204  92  32  32  31  33  33  32  33  32  32  31
 191 202 204 204 202  90  30  28  27  30  30  30  29  32  32  31
 188 201 202 203 201  86  31  29  28  28  28  28  28  29  29  28
 187 201 201 202 201  86  29  31  28  27  28  26  25  26  26  28
 189 201 201 201 202 124  85  82  77  81  68  27  26  27  26  26
 187 200 201 201 201 200 201 200 201 201 156  28  27  25  26  25
 188 200 200 201 200 200 201 201 201 201 156  27  25  24  25  25
 184 199 199 200 200 200 200 200 201 200 156  28  26  24  25  24
 183 199 198 199 199 199 199 200 200 200 150  28  26  25  25  24
 184 194 195 196 196 195 196 195 197 197 149  27  26  25  26  25
 185 194 197 198 197 199 198 199 197 196 151  39  36  35  36  36
 191 202 201 202 202 202 203 204 203 204 156  39  34  33  36  34
 190 200 201 202 201 202 203 202 202 202 162  38  36  36  35  35
 185 201 202 201 201 202 202 202 202 202 160  37  34  33  33  33
 188 200 201 200 201 200 201 200 199 200 154  35  33  32  30  35
 188 200 199 201 200 126  98 101 102 104  79  33  33  33  32  35
 187 199 199 201 197  90  31  30  30  32  32  31  31  30  33  32
 189 197 199 200 196  88  30  30  30  28  30  32  30  30  31  31
 185 198 199 200 195  84  31  27  28  26  27  30  30  28  29  29
 186 197 198 199 197  83  30  34  29  28  28  29  29  31  27  28
 188 197 198 198 196 121  86  78  77  83  71  28  27  29  28  29
 186 197 197 198 197 195 195 196 196 196 152  31  28  25  26  27
 186 196 197 197 197 197 198 197 198 198 154  31  27  28  26  26
 185 195 197 196 196 196 196 197 197 197 153  31  28  24  28  24
 181 196 196 195 195 196 196 196 197 196 147  32  25  25  27  26
 183 190 193 192 192 192 191 191 193 192 145  30  25  25  27  27

  56  54  53  51  48  45  45  44  43  39  38  38  36  36  36  38
  55  53  52  49  50  48  47  41  39  40  38  40  38  37  38  39
  53  53  50  48  48  47  46  42  43  37  37  38  38  36  41  39
  56  54  52  48  47  46  46  42  42  41  40  37  39  38  39  36
  54  55  52  48  48  49  43  42  39  39  39  40  41  41  41  41
 159 166 166 166 161  91  41  38  41  40  79 160 162 161 155 155
 203 211 211 210 210 107  41  42  40  41  89 202 203 202 202 198
 204 210 210 210 210 109  44  43  40  42  86 202 203 201 202 198
 206 211 209 209 210 105  39  41  41  40  92 203 203 204 203 196
 205 211 209 209 209 101  42  42  42  41  93 202 203 202 203 197
 205 209 210 210 209 132 102 101  96  97 134 202 203 202 200 195
 205 209 208 208 208 208 205 205 205 204 203 203 202 202 201 194
 202 210 208 209 208 207 207 207 206 205 204 202 203 202 200 197
 202 208 207 207 206 206 206 206 205 205 203 202 204 202 201 197
 202 208 208 207 208 207 205 204 204 203 204 202 203 201 200 194
 185 190 191 187 186 190 189 188 186 184 185 189 186 181 179 180
  43  40  38  36  34  34  31  31  28  28  26  25  25  24  24  25
  41  40  38  36  35  33  32  33  29  26  26  26  25  25  25  26
  41  41  40  38  34  33  32  32  29  26  27  25  24  24  25  25
  40  40  39  37  35  33  33  29  28  25  26  27  25  26  26  26
  43  42  41  38  37  34  32  30  28  26  27  28  27  28  28  27
 156 162 162 164 161  81  33  30  28  28  68 156 156 156 150 149
 202 209 207 207 207  98  33  30  28  27  81 201 201 200 200 197
 202 209 208 208 206 102  31  27  28  28  77 201 201 201 200 197
 203 208 208 207 205 101  32  28  29  31  82 200 201 200 200 195
 203 208 207 207 205  97  33  30  31  29  85 201 201 200 199 196
 202 207 207 206 205 126  92  90  87  86 124 200 200 200 199 195
 204 207 207 206 205 205 204 202 201 201 202 201 200 200 199 195
 201 206 206 206 205 205 204 204 203 202 201 201 201 200 199 196
 200 206 205 205 204 204 204 204 202 201 201 201 200 199 198 195
 201 205 205 205 204 203 203 202 201 201 201 200 200 199 199 194
 187 193 192 189 189 190 189 191 188 187 189 187 188 184 183 184
  36  34  35  33  35  35  32  31  29  28  29  27  26  24  26  27
  36  36  35  33  29  32  33  31  29  27  28  26  26  28  27  27
  35  33  36  33  32  33  30  30  28  31  29  25  28  24  25  25
  36  34  36  34  33  33  31  30  30  29  27  29  27  28  25  25
  39  39  38  37  35  33  31  32  30  29  28  31  31  31  32  30
 151 156 158 160 154  79  31  30  27  28  71 152 154 153 148 145
 196 204 202 202 200 100  32  28  26  28  83 196 198 197 196 192
 197 203 202 202 199 102  30  30  28  29  77 196 198 197 197 193
 199 204 202 202 200 101  30  30  27  33  78 196 197 197 196 191
 198 203 203 202 201  98  31  30  31  30  86 195 198 196 196 191
 199 202 202 202 200 125  90  88  85  83 121 195 197 196 196 192
 197 202 201 201 201 199 197 196 195 197 196 197 197 196 195 191
 198 202 202 201 200 201 201 200 200 199 198 198 197 196 195 192
 197 201 201 202 201 199 199 199 199 198 198 197 197 197 196 193
 197 202 200 201 200 200 199 197 198 197 197 197 196 195 196 190
 185 191 190 185 188 188 187 189 185 186 188 186 186 185 181 183

  38  39  39  36  41 155 198 198 196 197 195 194 197 197 194 180
  36  38  41  39  40 155 202 202 203 203 200 201 200 201 200 179
  36  37  36  38  41 161 202 201 204 202 202 202 202 202 201 181
  36  38  38  39  41 162 203 203 203 203 203 202 203 204 203 186
  38  40  38  37  40 160 202 202 203 202 202 203 202 202 202 189
  38  38  37  40  39  79  89  86  92  93 134 203 204 203 204 185
  39  40  37  41  39  40  41  42  40  41  97 204 205 205 203 184
  43  39  43  42  39  41  40  40  41  42  96 205 206 205 204 186
  44  41  42  42  42  38  42  43  40  42 101 205 207 206 204 188
  45  47  46  46  43  41  41  44  39  42 102 205 207 206 205 189
  45  48  47  45  49  91 107 109 105 101 132 208 207 207 207 190
  48  50  48  47  48 161 210 210 210 209 209 208 208 206 208 186
  51  49  48  48  48 166 210 210 209 209 210 208 209 207 207 187
  53  52  50  52  52 170 211 209 209 209 210 208 208 207 208 191
  54  53  53  54  55 166 211 210 211 211 209 209 210 208 208 190
  56  55  53  56  54 159 203 204 206 205 205 205 202 202 202 185
  25  26  25  26  27 149 197 197 195 196 195 195 196 195 194 184
  24  25  25  26  28 150 200 200 200 199 199 199 199 198 199 183
  24  25  24  26  28 156 200 201 200 200 200 200 200 199 199 184
  25  25  24  25  27 156 201 201 201 201 200 200 201 200 200 188
  25  26  25  27  28 156 201 201 200 201 200 201 201 201 200 187
  26  26  27  26  27  68  81  77  82  85 124 202 201 201 201 189
  28  26  26  25  26  28  27  28  31  29  86 201 202 201 201 187
  28  29  29  28  28  28  28  28  29  31  87 201 203 202 201 188
  31  33  32  29  30  30  30  27  28  30  90 202 204 204 202 191
  31  32  32  33  32  33  33  31  32  33  92 204 204 204 203 189
  34  33  33  34  34  81  98 102 101  97 126 205 205 204 203 190
  34  35  34  35  37 161 207 206 205 205 205 205 205 204 204 189
  36  36  38  37  38 164 207 208 207 207 206 206 206 205 205 189
  38  38  40  39  41 166 207 208 208 207 207 207 206 205 205 192
  40  40  41  40  42 162 209 209 208 208 207 207 206 206 205 193
  43  41  41  40  43 156 202 202 203 203 202 204 201 200 201 187
  27  27  25  25  30 145 192 193 191 191 192 191 192 193 190 183
  26  27  25  25  33 148 196 197 196 196 196 195 195 196 196 181
  24  28  24  28  31 153 197 197 197 196 196 196 196 197 195 185
  26  26  28  27  31 154 198 198 197 198 197 197 197 197 196 186
  27  26  25  28  31 152 196 196 196 195 195 197 198 197 197 186
  29  28  29  27  28  71  83  77  78  86 121 196 198 198 197 188
  28  27  31  29  29  28  28  29  33  30  83 197 199 198 197 186
  29  29  28  30  30  27  26  28  27  31  85 195 200 199 198 185
  31  31  30  30  32  30  28  30  30  30  88 196 200 199 197 189
  32  33  30  31  31  31  32  30  30  31  90 197 201 199 199 187
  35  32  33  33  33  79 100 102 101  98 125 199 201 199 200 188
  35  29  32  33  35 154 200 199 200 201 200 201 200 201 200 188
  33  33  32  34  37 160 202 202 202 202 202 201 201 202 201 185
  35  35  36  36  38 162 202 202 202 203 202 201 202 201 200 190
  34  36  33  34  39 156 204 203 204 203 202 202 202 201 202 191
  36  36  35  36  39 151 196 197 199 198 199 197 198 197 197 185

