 179 178 166 171 175 182 186 192 179 183 187 191 194 196 195 191
 188 191 193 193 194 196 198 198 199 201 201 202 202 204 205 202
 189 191 192 194 196 197 198 199 200 201 202 203 204 205 205 197
 188 190 193 194 195 198 199 199 200 201 203 203 204 205 205 200
 189 191 192 195 196 197 199 199 200 200 202 204 203 205 206 202
 186 191 194 196 195 126 114 117 113 113 111 118 118 119 117 108
 181 192 193 194 194  81  44  46  48  50  52  52  53  60  61  61
 186 192 192 194 196  79  44  45  46  47  51  54  56  58  60  60
 184 191 192 195 196  74  44  47  47  48  53  55  58  59  61  64
 184 190 193 194 195  80  43  47  48  50  52  55  57  60  61  63
 143 146 147 174 175  72  44  46  47  53  52  56  56  62  61  62
  38  42  40  41  44  45  47  47  49  51  53  56  59  60  59  59
  34  38  37  39  42  41  43  47  48  52  55  58  58  60  60  61
  35  36  39  40  43  42  43  44  48  53  53  54  59  58  64  63
  35  37  39  40  41  43  45  47  50  53  56  60  61  62  60  64
  36  37  39  40  42  44  45  50  52  52  57  60  59  63  62  66
 180 182 176 180 182 185 189 192 185 188 191 194 197 198 197 192
 189 192 193 194 195 197 198 199 200 200 201 202 203 204 204 203
 189 192 193 194 196 198 198 199 201 201 203 203 204 205 205 198
 188 190 194 195 197 198 199 199 200 201 203 203 204 205 205 201
 188 191 193 196 197 198 199 199 200 201 202 203 203 204 206 203
 186 192 194 196 197 121 108 107 105 103 103 111 114 112 109 105
 183 192 193 195 195  76  38  39  39  42  43  47  48  51  52  54
 186 192 194 195 195  75  38  38  40  41  45  45  48  52  52  54
 186 192 194 196 196  71  38  39  40  42  45  46  49  51  52  55
 185 192 194 195 196  76  39  39  40  42  45  47  50  50  53  55
 144 144 146 168 171  68  39  40  41  42  45  47  50  50  53  54
  32  33  33  36  36  38  38  42  41  43  46  47  50  51  52  51
  30  31  33  34  33  36  38  40  41  44  45  48  50  52  53  54
  30  30  30  32  33  35  36  39  41  45  45  47  51  51  55  54
  29  31  31  33  33  33  38  40  42  44  45  49  51  50  53  55
  29  30  28  32  34  36  39  39  42  45  47  51  52  54  53  55
 180 182 177 178 182 185 188 190 183 186 190 194 196 195 193 188
 187 190 191 192 193 194 194 196 196 197 197 199 199 199 201 195
 188 190 191 192 194 195 195 196 197 197 198 199 201 200 201 193
 188 192 192 193 194 195 195 195 196 198 198 199 201 201 201 196
 189 191 192 194 193 195 196 194 196 197 198 198 198 199 201 195
 185 191 192 194 192 116 105 102 102  98  99 107 108 106 104  98
 182 191 192 194 192  76  43  39  42  41  43  44  45  44  46  45
 186 191 191 193 190  74  38  40  39  42  42  43  43  44  44  47
 184 191 191 194 193  68  38  39  39  40  40  44  45  42  44  45
 184 190 192 192 192  75  38  37  40  40  43  43  43  46  45  45
 141 139 143 164 166  66  38  37  40  40  42  43  46  45  45  47
  36  34  37  39  38  39  39  38  40  41  44  45  46  46  45  45
  34  34  35  34  38  37  37  40  41  42  43  43  46  43  47  43
  32  35  35  36  37  36  36  38  41  43  45  44  44  45  45  43
  31  32  35  35  35  37  38  39  39  43  44  45  45  45  42  43
  31  32  35  34  37  36  38  39  42  41  42  43  49  47  44  46

 191 202 197 200 202 108  61  60  64  63  61  59  61  63  64  66
 195 205 205 205 206 117  61  60  61  61  61  59  60  64  60  62
 196 204 205 205 205 119  60  58  59  60  62  60  60  58  62  63
 194 202 204 204 203 118  53  56  58  57  56  59  58  59  61  59
 191 202 203 203 204 118  52  54  55  55  56  56  58  54  60  60
 187 201 202 203 202 111  52  51  53  52  52  53  55  53  56  57
 183 201 201 201 200 113  50  47  48  50  53  51  52  53  53  52
 179 199 200 200 200 113  48  46  47  48  47  49  48  48  50  52
 192 198 199 199 199 117  46  45  47  47  46  47  47  44  47  50
 186 198 198 199 199 114  44  44  44  43  44  47  43  43  45  45
 182 196 197 198 197 126  81  79  74  80  72  45  41  42  43  44
 175 194 196 195 196 195 194 196 196 195 174  44  42  43  41  42
 171 193 194 194 195 196 194 194 195 194 174  41  39  40  40  40
 166 193 192 193 192 194 193 192 192 193 147  40  37  39  39  39
 178 191 191 190 191 191 192 192 191 190 146  42  38  36  37  37
 179 188 189 188 189 186 181 186 184 184 143  38  34  35  35  36
 192 203 198 201 203 105  54  54  55  56  54  51  54  54  55  55
 197 204 205 205 206 109  52  52  52  53  53  52  53  55  53  53
 198 204 205 205 204 112  51  52  51  50  50  51  52  51  50  54
 197 203 204 204 203 114  48  48  49  50  50  50  50  51  51  52
 194 202 203 203 203 111  47  45  46  47  47  47  48  47  49  51
 191 201 202 203 202 103  43  45  45  45  45  46  45  45  45  47
 188 200 201 201 201 103  42  41  42  42  42  43  44  45  44  45
 185 200 201 200 200 105  39  40  40  40  41  41  41  41  42  42
 192 199 199 199 199 107  39  38  39  39  40  42  40  39  40  39
 189 198 198 199 199 108  38  38  38  39  39  38  38  36  38  39
 185 197 198 198 198 121  76  75  71  76  68  38  36  35  34  35
 182 194 196 197 197 197 195 195 196 196 170  36  33  33  33  34
 180 194 194 195 196 196 195 195 196 195 168  36  34  32  33  32
 176 193 193 194 193 194 193 194 194 194 146  33  33  30  31  29
 182 192 192 190 191 192 192 192 192 192 144  33  31  30  31  30
 180 189 189 188 188 186 183 186 186 185 144  32  30  30  29  29
 188 195 193 196 195  98  45  47  45  45  47  45  43  43  43  46
 193 201 201 201 201 104  46  44  44  45  45  45  47  45  42  44
 195 199 200 201 199 106  44  44  42  46  45  46  43  45  45  47
 196 199 201 201 198 108  45  43  45  43  46  46  46  44  45  49
 194 199 199 199 198 107  44  43  44  43  43  45  43  44  45  43
 190 197 198 198 198  99  43  42  40  43  42  44  43  45  44  42
 186 197 197 198 197  98  41  42  40  40  40  41  42  43  43  41
 183 196 197 196 196 102  42  39  39  40  40  40  41  41  39  42
 190 196 196 195 194 102  39  40  39  37  37  38  40  38  39  39
 188 194 195 195 196 105  43  38  38  38  38  39  37  36  38  38
 185 194 195 195 195 116  76  74  68  76  66  39  37  36  37  36
 182 193 194 194 193 192 192 190 193 192 165  38  38  37  35  37
 178 192 192 193 194 194 194 193 194 192 164  39  34  36  35  34
 177 191 191 192 192 192 192 191 191 192 143  37  35  35  35  34
 182 190 190 192 191 191 191 191 191 190 139  34  34  35  32  32
 180 187 188 188 189 185 182 186 184 184 141  36  34  32  31  31

  66  62  63  59  60  57  52  52  50  45  44  42  40  39  37  36
  64  60  62  61  60  56  52  50  47  45  43  41  40  39  37  35
  63  64  58  59  54  54  53  48  44  43  42  43  40  39  36  35
  61  60  60  58  58  55  52  48  47  43  41  42  39  37  38  35
  59  59  61  59  56  53  51  49  47  47  45  44  41  40  42  38
  62  61  62  56  55  52  53  47  46  44  72 175 174 147 146 143
  63  61  60  57  55  52  50  48  47  43  80 195 194 193 190 184
  64  60  59  58  55  53  48  47  47  44  74 196 195 192 191 184
  61  60  58  56  54  51  47  46  45  44  79 196 194 192 192 186
  61  61  60  53  52  53  50  48  46  44  81 194 194 193 192 183
 108 117 119 118 118 111 113 113 116 114 126 195 196 194 191 186
 202 206 205 203 204 202 200 200 199 199 197 196 194 192 191 189
 200 205 205 204 203 203 201 200 199 199 198 195 194 193 190 188
 197 205 205 204 203 202 201 200 199 198 198 196 194 192 191 189
 202 205 204 202 202 201 201 199 198 198 196 194 193 193 191 188
 191 195 196 194 191 188 183 179 192 186 182 175 172 166 171 179
  55  53  54  52  51  47  45  42  39  39  36  34  32  28  30  29
  55  53  50  51  49  45  44  42  40  38  33  33  33  31  31  29
  54  55  51  51  47  45  45  41  39  36  35  33  32  30  30  30
  54  53  52  50  48  45  44  41  40  38  36  33  34  33  31  30
  51  52  51  50  47  46  43  41  42  38  37  36  36  33  34  32
  54  53  50  50  47  45  42  41  40  39  68 171 168 146 144 144
  55  53  50  49  47  45  42  40  39  39  76 196 195 194 192 185
  55  52  51  49  46  45  42  40  39  38  71 196 196 194 192 186
  54  52  52  48  45  45  41  40  38  38  75 195 195 194 192 186
  54  52  51  48  47  43  42  39  39  38  76 195 195 193 192 184
 105 109 112 114 111 104 103 105 107 108 121 197 196 194 192 186
 203 206 205 203 203 202 201 200 199 199 198 197 196 193 191 188
 201 205 205 204 203 203 201 200 199 199 198 197 195 194 190 188
 198 205 205 204 203 203 201 201 199 198 198 196 194 193 192 189
 203 204 204 203 202 201 200 200 199 198 197 195 193 193 192 189
 192 197 198 197 194 191 188 185 192 189 185 182 180 176 178 180
  46  44  47  49  43  43  41  42  39  38  36  37  34  35  32  31
  43  42  45  45  45  44  42  39  39  38  37  35  35  35  32  31
  43  45  45  44  44  45  43  41  38  36  36  37  36  35  35  32
  43  47  43  46  43  43  42  41  40  37  37  38  34  36  34  34
  45  45  46  46  45  44  41  40  38  39  39  38  39  38  35  36
  47  45  45  46  43  42  40  40  37  38  66 166 164 143 139 141
  45  45  46  43  43  43  40  40  37  38  75 192 192 192 190 184
  45  44  42  45  43  40  40  40  39  38  68 193 194 191 191 184
  47  44  45  43  43  42  42  39  40  38  74 190 193 191 191 186
  45  46  44  45  44  43  41  42  39  43  76 191 194 192 191 183
  98 104 106 108 107 100  98 102 102 105 116 192 194 192 191 185
 195 201 199 198 198 198 197 196 194 196 195 193 193 192 191 189
 196 201 201 201 199 198 198 196 195 195 195 194 193 192 192 188
 193 201 200 201 199 198 197 197 196 195 195 194 191 191 190 188
 195 201 199 199 199 197 197 196 196 194 195 193 192 191 190 187
 188 193 195 195 194 190 186 183 190 188 185 182 179 177 178 180

  36  35  35  35  38 143 184 184 186 183 186 189 188 189 188 179
  37  37  36  38  42 146 190 191 192 192 191 191 190 191 191 171
  39  39  39  37  40 147 193 192 192 193 194 192 193 192 193 166
  40  40  40  39  41 174 194 195 194 194 196 194 194 194 193 172
  42  41  43  42  44 175 195 196 196 194 195 196 195 196 194 175
  44  43  42  41  45  72  80  74  79  81 126 197 198 198 196 182
  45  45  43  43  47  44  43  44  44  44 114 199 199 198 198 186
  50  47  44  47  47  46  47  47  45  46 116 199 199 199 198 192
  52  50  48  48  49  47  48  47  46  48 113 200 200 200 199 179
  52  52  53  52  51  53  50  48  47  50 113 200 201 201 201 183
  57  56  54  55  53  52  52  53  51  53 111 202 203 202 201 188
  60  60  54  58  56  56  55  55  54  52 118 204 203 203 202 191
  59  61  59  58  59  56  57  58  56  53 118 203 204 204 202 194
  63  62  58  60  61  62  60  59  58  60 119 205 205 205 204 196
  62  60  64  60  59  61  61  61  60  61 117 206 205 205 205 195
  66  64  63  61  59  62  63  64  61  61 108 202 200 197 202 191
  29  29  30  30  32 144 185 186 186 184 186 188 188 189 189 180
  30  31  30  31  34 144 192 192 192 192 192 191 190 192 192 178
  28  31  30  33  33 146 194 194 194 193 194 193 194 193 193 176
  32  33  32  34  36 168 195 196 195 195 196 196 195 194 194 180
  34  33  33  33  36 171 196 196 195 195 197 197 197 196 195 182
  36  33  35  36  37  68  76  71  75  76 121 198 198 198 197 185
  39  38  36  38  38  39  39  38  38  38 108 199 199 198 198 189
  39  40  39  40  42  40  39  39  38  39 107 199 199 199 199 192
  42  42  41  41  41  41  40  40  40  39 105 200 200 201 200 185
  45  44  45  44  43  42  42  42  41  42 103 201 201 201 200 188
  47  45  45  45  46  44  45  45  45  43 104 202 203 203 201 191
  51  49  47  48  47  47  47  46  45  47 111 203 203 203 202 194
  52  51  51  50  50  50  50  49  48  48 114 203 204 204 203 197
  54  50  51  52  51  50  50  51  52  51 112 205 205 205 204 198
  53  53  55  53  52  53  53  52  52  52 109 206 205 205 204 197
  55  55  54  54  51  54  55  55  54  54 105 203 201 198 203 192
  31  31  32  34  36 141 184 184 186 183 185 189 188 188 187 180
  32  32  35  34  35 139 190 191 191 191 191 191 192 190 190 178
  35  35  35  35  38 143 192 191 191 192 192 192 192 191 191 177
  34  35  36  34  39 164 192 194 193 194 194 193 193 191 192 179
  37  35  37  38  38 166 192 193 190 191 192 193 194 194 193 182
  36  37  36  37  39  66  75  68  74  76 116 195 195 195 195 185
  38  38  36  37  39  38  38  38  38  43 105 196 195 195 194 188
  39  39  38  40  38  37  37  39  40  39 102 194 195 196 196 190
  42  39  41  41  40  40  40  40  39  42 102 196 196 197 196 183
  41  42  43  42  41  40  40  40  42  41  98 197 198 197 197 186
  43  44  45  43  44  42  43  40  42  43 100 198 198 198 197 190
  43  45  44  43  45  43  43  44  43  44 107 198 199 199 199 194
  49  45  44  46  46  46  43  45  43  45 108 198 201 201 199 195
  47  45  45  43  46  45  46  42  45  44 106 199 201 200 199 195
  44  42  45  47  45  45  45  44  44  46 104 201 201 201 201 193
  46  43  43  43  45  47  45  45  47  45  98 195 196 193 195 188

