 183 186 189 174 174  77  35  35  35  36 104 186 170 190 197 175
 185 192 193 194 192  77  35  34  35  41 118 200 202 202 202 181
 184 192 192 194 193  78  36  35  39  42 116 200 201 203 202 175
 184 191 193 193 192  82  36  39  39  41 113 200 202 203 203 186
 181 190 192 192 194  81  37  41  43  45 115 202 202 202 201 174
  80  86  89  89  88 121 145 144 140 145 163 201 201 202 202 186
  30  32  34  36  40 140 196 198 199 200 200 201 201 202 202 181
  31  31  32  35  37 140 196 197 199 201 202 202 202 203 203 189
  32  33  33  34  36 144 196 198 198 200 201 203 203 202 202 182
  30  31  32  35  38 140 197 197 198 200 201 201 203 203 202 192
  31  32  29  34  39 142 198 197 198 199 182 152 155 153 156 144
  32  32  32  32  35 136 197 197 198 198 134  50  54  54  52  55
  31  33  33  35  35 142 197 198 198 198 142  51  52  54  50  51
  33  32  30  34  37 136 197 198 199 198 137  52  50  56  53  53
  30  32  35  34  37 139 196 197 199 200 142  51  51  54  54  51
  33  30  33  35  38 128 191 187 194 193 137  51  49  53  55  54
 181 185 188 177 175  69  23  24  25  27  99 185 180 191 197 179
 182 191 191 192 192  71  25  26  26  27 110 199 200 201 201 186
 182 191 191 192 191  73  25  26  27  28 108 199 200 201 201 179
 182 191 192 192 192  75  26  27  27  29 105 199 201 201 201 190
 181 189 191 191 192  77  28  27  28  31 108 199 201 201 200 182
  74  77  84  80  85 124 144 144 143 145 163 199 199 200 201 190
  21  23  25  25  27 140 194 195 197 198 199 199 199 200 200 184
  21  21  22  24  26 138 194 195 198 199 200 201 200 201 201 192
  20  22  22  23  26 141 194 195 196 199 200 201 200 201 200 185
  20  20  22  23  25 135 194 196 196 197 198 200 200 201 201 192
  21  21  22  22  25 138 193 194 195 197 181 152 155 153 157 146
  19  19  20  22  25 135 193 194 196 196 135  38  38  40  39  38
  19  20  21  20  25 140 195 196 196 196 140  37  37  37  38  37
  19  19  22  22  25 134 195 197 197 197 138  38  38  38  39  38
  20  19  19  21  25 135 194 196 197 198 141  37  38  36  38  37
  20  20  20  22  24 124 191 190 193 193 133  36  37  37  38  40
 179 184 186 176 172  70  25  25  29  26  99 182 176 188 192 180
 178 187 189 188 187  74  27  27  24  27 107 195 196 196 195 183
 179 188 189 188 186  75  28  25  26  28 107 193 195 196 196 179
 180 188 188 189 187  79  26  27  27  30 106 194 194 195 196 186
 176 184 186 186 183  79  31  31  31  32 102 194 195 195 195 182
  74  79  86  82  85 125 146 140 140 143 160 195 194 194 195 187
  25  25  24  26  29 140 190 191 193 193 194 195 194 195 195 182
  23  24  24  25  29 138 189 190 193 194 194 194 195 196 196 187
  21  23  22  24  29 141 190 191 191 192 193 194 196 196 196 183
  24  23  22  25  27 136 190 191 191 193 193 194 196 194 195 189
  23  21  20  21  27 136 190 190 191 191 177 147 151 151 152 144
  22  22  23  22  26 134 189 189 192 191 137  36  32  35  32  33
  21  23  20  24  27 136 190 192 191 191 140  31  29  30  30  31
  24  22  22  25  27 133 190 192 192 191 137  33  31  31  30  31
  22  22  24  26  27 135 190 191 192 193 138  34  33  31  33  29
  22  22  21  22  29 126 185 185 188 188 137  35  33  34  32  29

 175 181 175 186 174 186 181 189 182 192 147  55  51  53  51  54
 197 202 202 203 201 202 202 203 202 202 160  52  50  53  54  55
 190 202 203 203 202 202 202 203 202 203 153  54  54  56  54  53
 170 202 201 202 202 201 201 202 203 203 155  54  52  50  52  49
 186 200 200 200 202 201 201 202 203 201 152  50  51  52  51  51
 103 118 116 116 115 164 200 202 201 201 182 134 142 137 142 137
  36  41  42  41  45 145 200 201 200 200 199 198 198 198 200 193
  35  35  39  39  43 140 199 199 198 198 198 198 198 199 199 194
  35  34  35  39  41 143 198 197 198 197 197 197 198 198 197 187
  35  34  36  36  37 145 196 196 196 197 198 197 197 197 196 191
  77  77  78  82  81 121 140 141 144 140 142 136 142 137 140 128
 174 192 193 192 194  88  40  37  36  38  39  35  35  37  37  38
 174 194 194 193 192  90  36  35  34  35  34  32  35  33  34  35
 189 193 193 193 192  89  34  32  33  32  29  32  33  30  35  33
 186 192 192 191 190  86  32  31  33  31  32  32  33  31  32  30
 183 185 184 184 181  81  30  31  32  30  31  32  31  32  30  33
 179 186 179 190 182 190 184 192 185 192 149  38  37  38  37  40
 197 201 201 201 200 201 200 201 200 201 160  39  38  39  38  38
 191 201 201 201 201 200 200 201 201 201 153  40  37  38  36  37
 180 200 200 201 201 199 199 200 200 200 155  38  37  38  38  37
 185 199 199 199 199 199 199 201 201 200 152  38  37  38  37  36
  99 110 108 108 108 162 199 200 200 198 181 135 140 138 141 133
  27  27  28  29  31 145 198 199 199 197 197 196 196 197 198 193
  25  26  27  27  28 143 197 198 196 196 195 196 196 197 197 193
  24  26  26  27  27 142 195 195 195 196 195 194 196 197 196 190
  23  25  25  26  28 144 194 194 194 194 193 193 195 195 194 191
  69  71  73  75  77 124 140 138 141 135 138 135 140 134 136 124
 175 192 191 192 192  85  27  26  26  26  25  25  25  25  25  24
 177 192 192 192 191  82  25  24  23  23  22  22  20  22  21  22
 188 191 191 192 191  84  25  22  22  22  22  20  21  21  19  20
 185 191 191 191 189  77  23  21  22  20  21  19  20  19  19  20
 181 182 182 182 181  76  21  21  20  20  21  19  19  19  20  20
 180 183 179 186 182 187 182 187 183 189 147  33  31  31  30  29
 192 195 196 196 195 195 195 196 196 195 155  32  30  30  33  32
 188 196 196 195 195 194 195 196 196 194 151  35  30  31  31  34
 176 196 195 194 195 194 194 195 195 196 151  32  29  31  33  33
 182 195 193 194 194 195 195 194 194 194 147  36  31  33  34  35
  99 107 107 109 102 160 194 194 193 193 177 137 140 137 138 137
  26  27  28  30  32 143 193 194 192 193 191 191 191 191 193 188
  29  24  26  27  31 140 193 193 191 191 191 192 191 192 192 188
  25  27  25  27  31 139 191 190 191 191 190 189 192 192 191 185
  25  26  28  26  31 146 190 189 190 190 190 189 190 190 190 185
  70  74  75  79  79 125 140 138 141 136 136 134 136 133 136 126
 172 187 186 187 183  85  29  29  29  27  27  26  27  27  27  29
 176 188 188 189 186  83  26  25  24  25  21  22  24  24  26  22
 186 189 188 188 186  86  24  24  22  22  20  23  20  22  24  21
 184 187 188 188 184  79  25  24  23  23  21  22  23  22  22  22
 179 178 179 180 176  76  25  23  21  24  23  22  21  24  22  23

  53  55  53  49  51 137 193 194 187 191 128  38  35  33  31  33
  51  54  54  52  51 142 200 199 197 196 139  37  34  35  32  30
  53  53  56  50  52 137 198 200 198 197 132  37  33  30  31  32
  52  51  54  52  51 142 198 198 198 197 142  35  35  33  33  31
  55  52  54  54  50 134 199 198 197 197 136  35  32  32  32  32
 147 160 153 155 152 182 199 198 197 198 142  39  34  29  32  31
 192 202 203 203 201 201 200 198 197 197 140  38  35  32  31  30
 182 202 202 203 203 201 200 198 198 196 144  36  34  33  34  32
 189 203 203 202 202 202 201 199 197 196 141  37  35  32  31  31
 181 202 202 201 201 200 200 199 198 196 140  40  36  34  32  30
 186 202 202 201 201 164 145 140 143 145 121  88  90  89  86  80
 174 201 202 202 202 115  45  43  41  37  85 194 192 192 190 181
 186 203 202 202 200 113  41  39  39  36  82 193 193 193 192 184
 175 202 203 201 200 116  42  39  35  36  78 193 194 192 192 184
 181 202 202 202 200 118  41  35  33  34  77 192 194 193 192 185
 175 197 190 170 186 103  36  35  35  35  76 174 174 189 186 183
  40  38  37  37  36 133 193 193 190 191 124  24  22  20  20  20
  37  38  36  38  37 141 198 197 196 194 135  25  21  19  19  20
  38  39  38  38  38 138 197 197 197 195 131  25  22  21  19  19
  37  38  37  37  37 140 196 196 196 195 140  25  20  21  20  19
  38  39  40  38  38 135 196 196 194 193 135  25  22  20  19  19
 149 160 153 155 152 181 197 195 195 193 138  25  22  22  21  21
 192 201 201 200 200 198 197 196 196 194 135  26  23  21  20  20
 186 200 201 200 201 200 199 196 195 194 141  26  23  22  22  20
 192 201 201 200 201 200 199 198 195 194 138  26  24  22  21  21
 184 200 200 199 199 199 198 197 195 194 140  27  25  25  23  21
 190 201 200 199 199 162 145 143 142 144 124  86  82  84  77  74
 182 200 201 201 199 108  31  28  27  28  80 192 191 191 189 181
 190 201 201 201 199 105  29  27  27  26  75 192 192 192 191 182
 179 201 201 200 199 108  28  27  26  25  73 191 192 191 191 182
 186 201 201 200 199 110  27  26  26  25  71 192 192 191 191 182
 179 197 191 180 185  99  27  25  24  23  69 175 177 188 185 181
  29  32  34  33  35 137 188 188 185 185 126  29  22  21  21  23
  29  33  31  33  34 138 193 192 191 190 135  27  26  24  22  22
  31  30  31  31  33 137 191 192 192 190 129  26  24  22  22  24
  32  30  30  29  31 140 191 191 192 190 136  27  24  20  23  21
  33  32  35  32  36 137 191 192 189 189 134  26  22  23  22  22
 147 155 151 151 147 177 191 191 190 190 136  27  21  20  21  23
 189 195 194 196 194 193 193 191 191 190 136  27  25  22  23  24
 183 196 196 195 194 193 192 191 191 190 141  29  24  22  23  21
 187 196 196 195 194 194 194 193 190 189 138  29  25  24  24  23
 182 195 195 194 195 194 193 193 191 190 140  29  26  24  25  25
 187 195 194 194 195 160 143 140 139 146 125  86  83  86  79  74
 182 195 195 195 194 102  32  31  31  31  82 183 186 186 184 176
 185 196 195 194 194 106  30  27  27  26  79 187 189 188 188 180
 179 196 196 195 193 107  28  26  25  28  75 186 188 189 188 179
 183 195 196 196 195 107  27  24  27  26  74 187 188 189 187 178
 180 192 188 176 182  99  26  29  25  25  69 172 176 186 184 179

  33  30  32  31  32  31  30  32  31  30  81 181 184 184 185 183
  31  32  31  33  32  32  31  33  31  32  86 190 191 192 192 186
  33  35  30  33  32  29  32  33  32  34  89 192 193 193 193 189
  35  34  33  35  32  34  35  34  35  36  90 192 193 194 194 174
  38  37  37  35  35  39  38  36  37  40  88 194 193 193 192 174
 128 140 137 142 136 142 140 144 141 140 121  80  82  78  77  76
 191 196 197 197 197 198 197 196 196 196 145  37  36  36  34  35
 187 197 198 198 197 197 197 198 197 198 143  41  39  35  34  35
 194 199 200 198 198 198 198 198 199 199 140  43  39  39  35  35
 193 200 198 198 199 199 200 200 201 200 145  45  41  42  41  36
 137 142 137 142 134 182 201 201 202 200 164 115 116 116 118 103
  51  51  52  51  50 152 202 203 202 201 201 202 200 200 200 186
  49  52  50  52  54 155 203 203 202 201 201 202 202 201 202 170
  53  54  56  54  54 153 203 202 203 202 202 202 203 203 202 190
  55  54  53  51  52 160 202 202 203 202 202 201 203 202 202 197
  54  51  53  51  55 147 192 182 189 181 186 174 186 175 181 170
  20  20  19  19  19  21  20  20  21  21  76 181 182 182 182 181
  21  19  19  20  19  21  20  22  21  23  77 189 191 191 191 185
  20  19  21  21  20  22  22  22  22  25  84 191 192 191 191 188
  22  21  22  20  22  22  23  23  24  25  82 191 192 192 192 177
  24  25  25  25  25  25  26  26  26  27  86 192 192 191 192 175
 124 136 134 140 135 138 135 141 138 140 124  75  75  73  71  69
 191 194 195 195 193 193 194 194 194 194 144  28  26  25  25  23
 190 196 197 196 194 195 196 195 195 195 142  27  27  26  26  24
 193 197 197 196 196 195 196 196 198 197 143  28  27  27  26  25
 193 198 197 196 196 197 197 199 199 198 145  31  29  28  27  27
 133 141 138 140 135 181 198 200 200 199 162 108 108 108 110  99
  36  37  38  37  38 152 200 201 201 199 199 199 199 199 199 185
  37  38  38  37  38 155 200 200 200 199 199 201 201 200 200 180
  37  36  38  37  40 153 201 201 201 200 200 201 201 201 201 191
  38  38  39  38  39 160 201 200 201 200 201 200 201 201 201 197
  40  37  38  37  38 149 192 186 192 184 190 182 190 179 186 174
  23  22  24  21  22  23  24  21  23  25  76 176 180 179 178 179
  21  22  22  23  22  21  23  23  24  25  79 184 188 188 187 184
  21  24  22  20  23  20  22  22  24  24  86 186 188 188 189 186
  22  26  24  24  22  21  25  24  25  26  83 186 189 188 188 176
  29  27  26  27  26  27  27  29  29  29  86 183 187 186 187 172
 126 136 133 136 134 136 136 141 138 140 125  78  79  75  74  69
 185 190 190 190 189 190 190 190 189 190 146  31  26  28  26  25
 185 191 192 192 189 190 191 191 190 191 139  31  27  25  27  25
 188 192 192 191 192 191 191 191 193 193 140  31  27  26  24  29
 188 193 191 191 191 191 193 192 194 193 143  32  30  28  27  26
 137 138 137 140 137 177 193 193 194 194 160 102 109 107 107  99
  35  34  33  31  36 147 194 194 194 195 195 194 194 193 195 182
  33  33  31  29  32 151 196 195 195 194 194 195 194 195 196 176
  34  31  31  30  35 151 194 196 196 195 194 195 195 196 196 188
  32  33  30  30  32 155 195 196 196 195 195 195 196 196 195 192
  29  30  31  31  33 147 189 183 187 182 187 182 185 179 183 176

