 162 162 122  23  22  24  28  59  66  37  36  39  44  62 169 171
 162 162  48  20  21  26 120 165 165 145  56  36  40  47 135 170
 161 152  20  17  19  72 164 164 165 166 119  37  39  42 105 170
 161 145  18  16  19 125 164 164 165 165 123  36  37  38 101 169
 160 159  66  24  76 161 162 163 164 164  90  32  33  34 118 168
 160 159 159 156 160 161 161 162 164 140  30  26  28  35 155 168
 158 158 159 160 160 161 161 161 141  39  21  22  23  96 166 167
 157 158 158 159 160 160 159 114  28  18  19  21  64 161 164 165
 156 157 157 158 158 158 100  20  16  16  18  69 158 163 164 165
 156 156 156 156 156  84  17  16  16  18  90 159 162 162 163 163
 156 156 155 156  77  17  17  17  25 113 158 161 161 161 162 163
 155 156 156  90  18  17  18  23 123 157 158 159 160 161 161 162
 156 156 102  18  17  17  23 119 156 157 158 159 159 160 161 161
 156 149  29  18  18  18  38  64  56  50  50  51  54  76 149 161
 155 114  18  17  18  17  18  17  18  17  18  17  17  17  73 160
 154 128  17  18  18  18  18  17  18  17  16  16  16  17  81 157
 161 161 118  20  19  21  25  56  63  33  29  31  36  53 166 169
 160 160  44  17  18  23 118 163 163 144  52  30  34  38 130 168
 160 150  18  16  17  70 162 163 164 165 117  31  32  35 101 168
 159 143  16  15  17 123 162 163 163 163 119  28  28  31  94 168
 158 157  65  22  75 158 161 161 162 162  88  25  28  29 113 167
 158 157 158 155 158 159 159 160 161 138  28  22  23  30 152 166
 157 157 157 157 158 159 159 160 139  37  18  19  20  92 163 165
 156 156 157 157 158 158 158 112  25  16  17  18  61 159 162 163
 155 155 156 156 156 157  98  18  14  14  15  67 155 161 162 163
 154 154 154 155 154  82  14  14  14  16  88 157 160 160 161 162
 154 154 155 154  75  15  15  15  23 112 156 158 159 160 160 161
 155 154 154  87  16  15  15  20 121 156 157 157 158 159 159 160
 154 154 101  16  15  16  20 117 155 155 156 156 157 158 158 160
 154 147  26  15  15  15  36  62  55  47  47  48  51  74 146 159
 153 113  16  15  15  15  15  15  15  15  14  15  14  14  71 157
 153 126  16  15  15  15  15  15  15  15  14  14  14  14  78 155
 166 166 122  22  21  22  26  62  68  37  34  36  41  58 173 176
 164 165  46  18  20  26 125 170 171 151  58  34  38  42 137 176
 164 154  19  17  18  75 167 169 169 169 125  36  34  38 104 176
 164 147  20  16  19 129 167 168 168 169 125  33  33  36  99 173
 163 161  69  25  80 163 165 166 167 167  93  30  31  32 117 173
 162 161 161 157 162 163 165 164 165 142  30  23  27  32 156 171
 161 160 160 161 162 163 162 164 142  39  21  21  23  95 168 170
 158 159 159 160 162 162 162 115  27  17  18  19  64 163 167 169
 158 158 158 158 159 160 100  18  14  15  16  67 159 166 167 167
 156 157 157 158 156  83  14  14  14  16  89 161 164 165 166 166
 156 156 156 156  75  15  14  14  22 113 159 162 162 164 164 166
 156 155 155  88  15  14  14  21 123 159 159 161 161 162 163 165
 155 155 102  16  14  13  19 118 157 157 159 159 160 162 163 163
 155 148  26  13  14  13  36  64  57  48  46  48  52  75 148 162
 155 112  14  14  13  14  14  14  13  13  13  13  13  13  70 160
 154 125  15  13  12  13  13  14  14  14  13  12  12  12  78 157

 171 170 170 169 168 168 167 165 165 163 163 162 161 161 160 157
 168 135 105 101 118 155 166 164 164 163 162 161 161 149  73  81
  62  46  42  38  34  35  96 161 163 163 162 161 160  76  17  17
  44  40  39  36  33  28  23  63 158 162 161 160 159  54  18  16
  39  36  37  36  32  26  22  21  69 159 161 159 159  51  17  16
  36  56 119 123  90  30  21  19  18  90 158 158 158  50  18  16
  37 145 166 165 164 140  39  18  16  18 113 157 157  50  17  17
  66 165 165 165 164 164 141  28  16  16  25 123 156  57  18  18
  59 165 164 164 163 162 161 113  20  16  17  23 119  64  17  17
  28 120 164 164 162 161 161 159 100  17  17  18  23  38  18  18
  24  26  72 125 161 161 161 160 158  84  17  17  17  18  17  18
  22  21  19  19  76 160 160 160 158 156  78  18  17  18  18  18
  23  20  17  16  24 156 160 159 158 156 156  94  18  18  17  18
 122  48  20  18  67 159 159 158 157 156 155 156 102  29  18  17
 162 162 152 145 159 159 158 158 157 156 156 156 156 149 114 128
 162 162 161 161 160 160 158 157 156 156 156 155 156 156 155 154
 169 169 168 168 167 166 165 163 163 162 161 160 160 159 158 155
 165 130 101  94 113 152 163 162 162 161 160 159 158 146  71  78
  53  38  35  31  29  30  92 159 161 160 160 159 158  74  14  14
  36  34  32  28  27  23  20  60 155 160 159 158 157  51  14  14
  31  30  31  29  25  22  19  18  67 157 158 157 156  48  15  14
  29  52 117 119  88  28  19  17  15  88 156 157 156  47  14  14
  33 144 165 163 162 138  37  16  14  16 112 156 155  47  15  15
  63 163 164 163 162 161 139  25  14  14  22 121 155  56  15  15
  56 163 163 163 161 160 160 112  18  14  15  20 117  63  15  15
  25 118 162 162 161 159 159 158  98  14  15  15  20  36  15  15
  21  23  70 123 158 159 159 158 156  82  15  15  16  15  15  15
  19  18  17  17  75 158 158 158 156 154  75  16  15  15  15  15
  20  17  16  15  22 155 157 157 156 155 154  90  16  15  15  15
 118  44  18  16  66 158 157 157 156 154 155 154 101  26  16  16
 161 160 150 143 157 157 157 156 155 154 154 154 154 147 113 126
 161 160 160 159 158 158 157 156 155 154 154 155 154 154 153 153
 176 176 176 173 173 171 170 169 167 166 166 165 163 162 160 157
 172 137 104  99 117 156 168 167 167 166 164 163 163 148  70  78
  58  42  38  36  32  32  95 163 166 165 163 162 162  75  13  12
  41  38  34  32  31  27  23  63 159 164 162 161 160  52  13  12
  36  34  36  33  30  23  21  19  67 161 162 161 159  48  13  12
  34  58 125 125  93  30  21  18  16  89 159 159 159  46  13  13
  37 151 169 169 167 142  39  17  15  16 113 159 157  48  13  14
  68 171 169 168 167 165 142  27  14  14  22 123 157  58  13  14
  62 170 168 168 166 164 164 115  18  14  14  21 118  64  14  14
  26 125 167 167 165 165 162 162 100  14  14  14  19  36  14  13
  22  26  75 129 163 163 162 162 160  83  15  14  13  13  14  13
  21  20  18  19  80 162 162 162 159 156  76  15  14  14  13  12
  22  18  17  16  25 157 161 160 158 158 156  91  16  13  14  13
 122  46  19  20  69 161 160 159 158 157 156 156 102  27  14  15
 166 165 154 147 161 161 160 159 158 157 156 155 155 148 112 125
 166 164 164 164 163 162 161 158 158 156 156 156 155 155 155 154

 157  81  17  16  16  16  17  18  17  18  18  18  18  17 128 154
 160  73  17  18  17  18  17  18  17  18  17  18  17  18 114 155
 161 149  76  54  51  50  50  57  64  38  18  18  18  29 149 156
 161 161 160 159 159 158 157 156 119  23  17  17  18 102 156 156
 162 161 161 160 159 158 157 123  23  18  17  18  94 155 156 155
 163 162 162 161 161 158 113  25  17  17  17  77 156 155 156 156
 163 163 163 162 159  90  18  16  16  17  84 156 156 156 156 156
 165 164 163 158  69  18  16  16  20 100 158 158 158 157 157 156
 165 164 161  63  21  19  18  28 113 159 160 160 159 158 158 157
 167 166  96  23  22  21  39 141 161 161 161 160 160 159 158 158
 168 155  35  28  26  30 140 164 162 161 161 160 156 159 159 160
 168 118  34  33  32  90 164 164 163 162 161  76  24  67 159 160
 169 101  38  36  36 123 165 165 164 164 125  19  16  18 145 161
 170 105  42  39  37 119 166 165 164 164  72  19  17  20 152 161
 170 135  46  40  36  56 145 165 165 120  26  21  20  48 162 162
 171 168  62  44  39  36  37  66  59  28  24  22  23 122 162 162
 155  78  14  14  14  14  15  15  15  15  15  15  15  16 126 153
 158  71  14  14  15  14  15  15  15  15  15  15  15  16 113 153
 159 146  74  51  48  47  47  56  63  36  15  15  15  26 147 154
 160 158 158 157 156 156 155 155 117  20  16  15  16 101 154 154
 160 159 159 158 157 157 156 121  20  15  15  16  90 154 154 155
 161 160 160 159 158 156 112  22  15  15  15  75 154 155 154 154
 162 161 160 160 157  88  16  14  14  14  82 154 155 154 154 154
 163 162 161 155  67  15  14  14  18  98 156 156 156 156 155 155
 163 162 159  60  18  17  16  25 112 158 158 158 157 157 156 156
 165 163  92  20  19  19  37 139 160 159 159 158 157 157 157 157
 166 152  30  23  22  28 138 161 160 159 159 158 155 158 157 158
 167 113  29  28  25  88 162 162 161 161 158  75  22  66 157 158
 168  94  31  28  29 119 163 163 163 162 123  17  15  16 143 159
 168 101  35  32  31 117 165 164 163 162  70  17  16  18 150 160
 168 130  38  34  30  52 144 163 163 118  23  18  17  44 160 160
 169 165  53  36  31  29  33  63  56  25  21  19  20 118 161 161
 157  78  12  12  12  13  14  14  14  13  13  12  13  15 125 154
 160  70  13  13  13  13  13  13  14  14  14  13  14  14 112 155
 162 148  75  52  48  46  48  58  64  36  13  14  13  26 148 155
 163 163 162 160 159 159 157 157 118  19  13  14  16 102 155 155
 165 163 162 161 161 159 159 123  21  14  14  15  91 155 155 156
 166 164 163 162 162 159 113  22  14  14  15  75 156 156 156 156
 166 166 165 164 161  89  16  14  14  14  83 156 158 157 157 156
 167 167 166 159  67  16  15  14  18 100 160 159 158 158 158 158
 169 167 163  63  19  18  17  27 115 162 162 162 160 159 159 158
 170 168  95  23  21  21  39 142 164 162 162 162 161 160 160 161
 171 156  32  27  23  30 142 165 164 165 163 162 157 161 161 162
 173 117  32  31  30  93 167 167 166 165 163  80  25  69 161 163
 173  99  36  32  33 125 169 168 168 167 129  19  16  20 147 164
 176 104  38  34  36 125 169 169 168 167  75  18  17  19 154 164
 176 137  42  38  34  58 151 171 170 125  26  20  18  46 165 164
 176 172  58  41  36  34  37  68  62  26  22  21  22 122 166 166

 154 155 156 156 155 156 156 156 157 158 160 160 161 161 162 162
 128 114 149 156 156 156 156 157 158 158 159 159 145 152 162 162
  17  18  29 102 155 155 156 157 158 159 159  66  18  20  48 122
  18  17  18  18  90 156 156 158 159 160 156  24  16  17  20  23
  18  18  18  17  18  77 156 158 160 160 160  76  19  19  21  22
  18  17  18  17  17  17  84 158 160 161 161 161 125  72  26  24
  18  18  38  23  18  17  17 100 159 161 161 162 164 164 120  28
  17  17  64 119  23  17  16  20 113 161 162 163 164 164 165  59
  18  18  57 156 123  25  16  16  28 141 164 164 165 165 165  66
  17  17  50 157 157 113  18  16  18  39 140 164 165 166 145  37
  16  18  50 158 158 158  90  18  19  21  30  90 123 119  56  36
  16  17  51 159 159 161 159  69  21  22  26  32  36  37  36  39
  16  17  54 159 160 161 162 158  63  23  28  33  37  39  40  44
  17  17  76 160 161 162 163 163 161  96  35  34  38  42  47  62
  81  73 149 161 161 162 163 164 164 166 155 118 101 105 135 168
 157 160 161 161 162 163 163 165 165 167 168 168 169 170 170 171
 153 153 154 154 155 154 154 155 156 157 158 158 159 160 160 161
 126 113 147 154 154 154 154 155 156 157 157 157 143 150 160 161
  16  16  26 101 154 155 154 156 157 157 158  65  16  18  44 118
  15  15  15  16  87 154 155 156 157 157 155  22  15  16  17  20
  15  15  15  15  16  75 154 156 158 158 158  75  17  17  18  19
  15  15  15  16  15  15  82 157 158 159 159 158 123  70  23  21
  15  15  36  20  15  15  14  98 158 159 159 161 162 162 118  25
  15  15  62 117  20  15  14  18 112 160 160 161 163 163 163  56
  15  15  56 155 121  23  14  14  25 139 161 162 163 164 163  63
  15  15  47 155 156 112  16  14  16  37 138 162 163 165 144  33
  14  14  47 156 157 156  88  15  17  18  28  88 119 117  52  29
  14  15  48 156 157 158 157  67  18  19  22  25  29  31  30  31
  14  14  51 157 158 159 160 155  60  20  23  28  28  32  34  36
  14  14  74 158 159 160 160 161 159  92  30  29  31  35  38  53
  78  71 146 158 159 160 161 162 162 163 152 113  94 101 130 165
 155 158 159 160 160 161 162 163 163 165 166 167 168 168 168 169
 154 155 155 155 156 156 156 158 158 161 162 163 164 164 164 166
 125 112 148 155 155 156 157 158 159 160 161 161 147 154 165 166
  15  14  26 102 155 156 157 158 159 160 161  69  20  19  46 122
  13  14  13  16  88 156 158 158 160 161 157  25  16  17  18  22
  12  13  14  14  15  75 156 159 162 162 162  80  19  18  20  21
  13  14  13  13  14  15  83 160 162 163 163 163 129  75  26  22
  13  14  36  19  14  14  14 100 162 162 165 165 167 167 125  26
  14  14  64 118  21  14  14  18 115 164 164 166 168 169 170  62
  14  13  58 157 123  22  14  14  27 142 165 167 168 169 171  68
  14  13  48 157 159 113  16  15  17  39 142 167 169 169 151  37
  13  13  46 159 159 159  89  16  18  21  30  93 125 125  58  34
  12  13  48 159 161 162 161  67  19  21  23  30  33  36  34  36
  12  13  52 160 161 162 164 159  63  23  27  31  33  34  38  41
  12  13  75 162 162 163 165 166 163  95  32  32  36  38  42  58
  78  70 148 163 163 164 166 167 167 168 156 117  99 104 137 172
 157 160 162 163 165 166 166 167 169 170 171 173 173 176 176 176

